1800
2135
2488
2969
3000
3133
3197
3327
3333
3370
3570
3673
4127
4281
4285
4447
4904
4962
4977
5103
5133
5187
5272
5513
5907
6201
6281
6769
6951
7032
7084
7332
7431
7536
7694
7789
8411
8670
8818
8858
8868
9389
9626
9892
10081
10427
10456
10795
11199
11544
11860
12208
12355
12659
12927
12978
14195
14272
14693
14930
15615
16040
16058
16732
16873
16918
17843
18169
18230
18349
18532
18540
18568
18926
19353
19584
19617
20171
20212
20286
20388
20520
21076
21175
21267
21344
21510
21665
22099
22301
22356
22444
22698
23082
23194
23217
23666
23675
24454
24491
24545
24741
25191
25232
25305
25350
25445
26058
26172
26324
26780
26999
27419
27500
27904
27996
28412
28823
28866
28917
29534
29644
29669
29905
29915
29924
29989
30371
30554
30625
30697
31235
31277
31462
31791
32258
32604
33185
33213
33656
34088
34115
34408
34903
35527
36032
36047
36104
36146
36270
36377
36672
36966
36995
37651
37748
37785
37931
37996
38067
38074
38079
38321
38777
38984
39263
39899
39911
40211
40533
40545
40704
40729
40730
40779
40858
40987
41077
42293
42542
42582
42888
43300
43362
45012
45379
45599
45876
45919
46080
46195
46619
46640
46738
46765
46989
47111
47217
47518
47580
48039
48287
48305
48465
48732
48898
49071
49196
49826
49938
50104
50341
50485
50863
51143
51253
51434
51548
51644
52827
52988
53347
53669
54050
54480
54507
54883
55067
55242
55785
56047
56824
56873
57515
58492
59478
59527
59558
59880
60086
60519
60667
60751
61478
61986
62709
62741
62996
63276
63416
63541
63754
63908
64040
64394
64670
64782
64803
64908
64978
64996
65011
65100
65873
65984
66382
66479
66740
66756
66960
67182
67472
67686
67716
67931
68505
69499
69598
69970
70033
70145
70318
70530
70538
70793
70858
70866
71297
71691
71824
72020
72207
72331
72333
72741
72903
72911
72945
72971
73124
73309
73756
73952
74091
74208
74260
74303
75362
75594
75677
75829
76334
77182
77360
77385
77449
77476
77551
77877
78003
78066
78128
78214
78239
78460
78716
78814
78890
79282
79326
79716
79879
79958
80424
80661
80737
81870
82811
83246
83588
83604
83612
84129
84792
84839
85388
85408
85535
85812
85961
85974
86104
86115
86144
86312
87347
87777
88121
88205
88941
89089
89415
89498
89800
90185
90811
91142
91388
91419
91440
91576
91767
92081
92122
92230
92339
92344
92380
93102
93410
93556
93751
94610
95304
95521
96021
96223
96289
96879
96943
97210
97216
97349
97476
97517
97745
97854
98222
98246
98362
98677
99189
99780
100030
100331
100493
100517
100726
100885
100893
101320
101382
101778
101829
101830
102037
102379
102729
102741
103379
103730
103973
104169
104207
104348
104599
104669
104889
105016
105319
105418
105668
105770
106040
106498
106535
106640
107263
107681
107889
108312
108516
108601
108772
109177
109198
109380
109758
109831
110430
110621
200406
201461
202058
203077
203248
203527
205520
216228
217346
225263
225648
230498
275605
277135
277595
277948
278130
310158
310522
310568
310569
310624
310764
311995
312367
313143
313616
313927
314132
314808
315189
315213
315293
315852
316206
316300
316709
316770
316793
317093
317771
318154
318380
318771
318819
319201
319256
319687
320187
320193
320335
320345
350563
350698
350797
350894
350917
351346
352363
352541
352789
352915
353230
353944
354190
354707
354869
354908
354913
354950
354964
355429
355473
355811
356028
356080
356309
357108
357294
700564
701221
701345
701374
701853
701985
702131
702165
703351
703360
703361
704051
706015
706539
707549
708819
709283
709519
709804
711065
711404
712515
713676
713975
714154
714310
714603
714612
715096
715957
716006
716039
716133
716714
716783
716823
717423
717605
717809
718482
718877
719739
719955
720005
721083
721371
721683
722079
722080
723125
723254
723531
723612
724198
724606
725549
726513
726728
726958
727510
728535
730263
730272
730464
731502
731766
731802
731939
732485
732712
732713
732717
732718
732834
733269
736260
736822
737758
737874
738076
739708
740112
740260
740670
740761
741508
742278
743316
743872
743988
745308
745732
746515
746782
746838
749251
750004
750556
751364
751652
753308
754737
757011
758004
759944
763901
764065
764180
764478
764622
764762
765258
765880
766421
766701
766704
767920
768251
768262
768835
769397
769520
771498
772406
773141
773468
773840
773910
774203
775158
775368
775483
776867
777001
777676
779152
780053
780434
780571
783280
783325
785161
787250
788784
789019
789073
789388
789570
789933
790051
790070
790528
790703
790816
791519
791907
791915
792985
793952
794170
794323
794367
795266
795986
796343
796370
797468
798288
798354
798757
798941
798943
799089
800240
800459
800575
801337
801351
801898
802301
802481
803014
803112
803649
804212
804269
804328
804753
805022
805037
805419
806085
807873
808362
808450
808461
811156
811669
811830
812011
812074
812900
812910
813672
813828
814184
814361
814453
814547
814585
815065
815094
815097
815556
816284
816761
817366
817473
818479
818686
820027
820096
820237
820313
820626
821130
821189
822416
822818
823094
823768
824169
824803
825313
825542
826083
827052
827054
828916
829224
829499
831001
831259
831641
831967
832101
832428
832483
832988
833081
833320
833444
833829
834208
835541
835729
835910
836102
836106
837173
837465
837579
837991
840467
840889
841528
842023
842162
842635
842662
846909
846930
847903
848865
849213
849399
849778
849869
850209
850436
850693
851205
851310
851968
852952
853665
853816
854460
854694
855658
855876
855931
856716
857005
857644
858339
858470
858558
858877
859014
859163
859368
859737
860097
860730
860731
860748
861361
861388
861878
861884
862510
863157
863557
864328
864749
865436
865752
866121
866368
866374
866729
866787
866829
866873
867058
867374
867773
868809
868857
870760
870826
871763
872448
872589
873303
873364
873591
873860
874015
874016
874213
874255
874294
874499
874501
874663
874691
874716
874761
874766
874865
875045
875159
875320
875357
875570
876437
877212
877357
877890
878088
878522
878560
878736
878927
879101
879169
879215
879573
879575
879933
880059
880266
880285
880323
880430
880446
881464
882095
882098
882104
882184
882235
882835
883241
883293
883569
883587
883701
883905
883977
883980
883984
884219
884382
884498
884614
884629
884731
884887
884905
885550
885590
885639
885708
885721
885725
886035
886158
886982
887207
887596
887921
887936
888002
888165
888491
888747
888919
889005
889900
890319
890491
890801
890926
891024
891103
891456
893160
893538
893949
894010
894253
894315
895126
895417
895419
895421
895648
895655
895663
895930
896159
896622
896878
897429
897723
898173
898174
898293
898660
899051
899171
899652
899689
899866
899881
899923
900075
901219
903127
904163
905036
906107
906163
906345
906420
906553
906709
907562
908254
908255
908440
908937
909109
909281
909832
909954
910073
910322
910406
910521
910606
910612
910638
911160
911215
911421
911755
911935
912093
912183
912242
912263
912463
912513
912593
912595
912615
912750
912752
913077
913144
913357
913885
914024
914025
914208
914475
914712
914713
915389
915840
915912
915913
916076
916085
916365
916457
916459
916540
916863
917273
918040
918160
918386
918646
918958
919012
919226
919482
919628
920052
920148
920424
920448
920522
920760
921082
921112
921503
921738
921847
922224
922475
922621
922864
923282
923603
924646
924901
925645
926282
927066
927628
927653
927720
928753
929008
929351
929428
929452
929887
929940
929987
930184
930548
931015
931058
931148
931183
931336
932064
932111
932130
932628
933036
933136
933730
934612
935494
935703
935724
936340
936395
936468
936528
937556
939767
940510
940944
941548
943452
943819
944314
944695
944868
945436
945734
945764
945841
946343
946581
947484
948545
949039
949061
949341
949536
949589
1000180
1000228
1000229
1000697
1000736
1001039
1001082
1001085
1001193
1001250
1001288
1001838
1002047
1002517
1002532
1002637
1002638
1002910
1003078
1004155
1004434
1004440
1004858
1004980
1005284
1005291
1005414
1005757
1006240
1006264
1007456
1008654
1008817
1009304
1009356
1009626
1009672
1009675
1009759
1010552
1010775
1011006
1011174
1011290
1011657
1011835
1012100
1012127
1012140
1012569
1012620
1012956
1013237
1013462
1013761
1013857
1013871
1013880
1013934
1014473
1014507
1015577
1015780
1016125
1016888
1017008
1017747
1017906
1018003
1018099
1018522
1018840
1018848
1018963
1019508
1019737
1019849
1019878
1020265
1020416
1020569
1020828
1021162
1021387
1021561
1021635
1021860
1022079
1022321
1022646
1022671
1023128
1023131
1023291
1023362
1024305
1024401
1024478
1024657
1024725
1025361
1025378
1025996
1026214
1026738
1026816
1027443
1027884
1029199
1029506
1029786
1030471
1031283
1031296
1031308
1031798
1032033
1032204
1032208
1032975
1034054
1034670
1034755
1034760
1035002
1035267
1035443
1035675
1035884
1036960
1037016
1037038
1037461
1037540
1037646
1037676
1037868
1037949
1037976
1038074
1038205
1038357
1038914
1039684
1040441
1040454
1040596
1040971
1041061
1041657
1042046
1042068
1042185
1042282
1042431
1042825
1042893
1043219
1043277
1043382
1043604
1043769
1044007
1045309
1045450
1045609
1045810
1046257
1046327
1046568
1046861
1047122
1047127
1047202
1047699
1047862
1048286
1048477
1048695
1048911
1049502
1050446
1050797
1050808
1050825
1050915
1051251
1051470
1051512
1051717
1051719
1051741
1052045
1052100
1053112
1053303
1053507
1054374
1054833
1056087
1056239
1056288
1056386
1056696
1056874
1057058
1057352
1057706
1057758
1057877
1058033
1058057
1058083
1058090
1058290
1059324
1059556
1060232
1060391
1060736
1060749
1060801
1060955
1060990
1061219
1061322
1062047
1062231
1062379
1063254
1063761
1064728
1064863
1065049
1065087
1065088
1065351
1065696
1065837
1065865
1066026
1066104
1066107
1066134
1066806
1067092
1067294
1067701
1067837
1068292
1068851
1068875
1068887
1069157
1069202
1069258
1069353
1069822
1070154
1070412
1070423
1070494
1070750
1070985
1071739
1072048
1072342
1073431
1074433
1074771
1075531
1076405
1077866
1078073
1078271
1079023
1079182
1079451
1079577
1080099
1080357
1081316
1081394
1082506
1082554
1082923
1083269
1084230
1084408
1084580
1084750
1084755
1085280
1085392
1085621
1085734
1085770
1086195
1086222
1086472
1087423
1088033
1088147
1088653
1089044
1089063
1089717
1089874
1089907
1089976
1090012
1090071
1090425
1090727
1090872
1091530
1091667
1091862
1092367
1093434
1093557
1093691
1094005
1094093
1094285
1094360
1094739
1095073
1095357
1095600
1095651
1096199
1096325
1096343
1096385
1096752
1096958
1097149
1097313
1097609
1097864
1098659
1099219
1099590
1099800
1100270
1100389
1100682
1100962
1101215
1101239
1101302
1102112
1102541
1102934
1103126
1103601
1103982
1104188
1105018
1105472
1105705
1107332
1107694
1108109
1108524
1108827
1109116
1109354
1109357
1109808
1110783
1110803
1110805
1111335
1111711
1111928
1113169
1113948
1115055
1115222
1116132
1116521
1117106
1120193
1121484
1121788
1122304
1123337
1123360
1124140
1124198
1124610
1124804
1124827
1124887
1125057
1126294
1126328
1126975
1127703
1128928
1129446
1130310
1130385
1131096
1132327
1132979
1133421
1134538
1135152
1135711
1135971
1136352
1136869
1136893
1137048
1137411
1137774
1137789
1138118
1138234
1140536
1140859
1141107
1141185
1141391
1141399
1141982
1142701
1143068
1144215
1144519
1144528
1145197
1145460
1156039
1156375
1156826
1157654
1158449
1158463
1159297
1160497
1161154
1161448
1161935
1163165
1163302
1163348
1163739
1164727
1166003
1166036
1166126
1166691
1168054
1168335
1168478
1168696
1169055
1170010
1170565
1170650
1171486
1171825
1173431
1174527
1174746
1174922
1175454
1175609
1176948
1177394
1177609
1178670
1179060
1179755
1179929
1180262
1183920
1184702
1188303
1189712
1206264
1209028
1212458
1212545
1214816
1219601
1224608
1227654
1228862
1230276
1232524
1241199
1255474
1260221
1261333
1262039
1262279
1262823
1267097
1267238
1270400
1271024
1272547
1273813
1273931
1274057
1274494
1275283
1276187
1276520
1278021
1279228
1279363
1280452
1281761
1282266
1282637
1282977
1283630
1283699
1284812
1285785
1286225
1286681
1288776
1288784
1289419
1289434
1289490
1289790
1290476
1292426
1293971
1297401
1297996
1298341
1298675
1300514
1301063
1303652
1304994
1305014
1306830
1307954
1308161
1308547
1308606
1309108
1310067
1310897
1311370
1312073
1315098
1315695
1316360
1316631
1316656
1316835
1317630
1318220
1318605
1319161
1321655
1323854
1324245
1324404
1324424
1326089
1326160
1326380
1326428
1326583
1327567
1327811
1331875
1332349
1333986
1334036
1334978
1335258
1335793
1336047
1336917
1336920
1338065
1338613
1338749
1339553
1339947
1341439
1345111
1348036
1348259
1349436
1350031
1352010
1353283
1354513
1355001
1355096
1356104
1357204
1357326
1357615
1358071
1358762
1359841
1361658
1363851
1364250
1364479
1364742
1364885
1365135
1365555
1368007
1368457
1368458
1370637
1370946
1373715
1373835
1374310
1376139
1376610
1377013
1378946
1378992
1379661
1379895
1381531
1381668
1383312
1384905
1385157
1385187
1385867
1389050
1389170
1390777
1390844
1392522
1393052
1393311
1393612
1394074
1394220
1395942
1396009
1396033
1397187
1397911
1398659
1398987
1399315
1399768
1400891
1401667
1402057
1402436
1403161
1403256
1403568
1404655
1404912
1405495
1408198
1408356
1409493
1409970
1410636
1411158
1411207
1413329
1413447
1414475
1418091
1418135
1419581
1419612
1420302
1420800
1423689
1423902
1424454
1424847
1428156
1428336
1428669
1428875
1429775
1430602
1433270
1434588
1437107
1437578
1439404
1441634
1441816
1442145
1443646
1447669
1451505
1452575
1453090
1457543
1458891
1463101
1463172
1465112
1466258
1467076
1467373
1467858
1468516
1470215
1471261
1472787
1474432
1474735
1475922
1477294
1477449
1478242
1478484
1481582
1482512
1483096
1486957
1487730
1489393
1490281
1490906
1491576
1492426
1492633
1492691
1495569
1496048
1498710
1498828
1501585
1502034
1506293
1506307
1507079
1507385
1507615
1507934
1509991
1510295
1511737
1513761
1517228
1517413
1518832
1519751
1520262
1520697
1521332
1524472
1526520
1527166
1528396
1530721
1530950
1531152
1532063
1533932
1534701
1535527
1535929
1538990
1539838
1540755
1540947
1541697
1543151
1546640
1547282
1551152
1551182
1552000
1552033
1553023
1555280
1555365
1556593
1556739
1559720
1560385
1561550
1562401
1564406
1564708
1564822
1566895
1567892
1569650
1570585
1571283
1571949
1571996
1573097
1574085
1575515
1575965
1576280
1578318
1578845
1579241
1579298
1580608
1581068
1581164
1581990
1584207
1584509
1585364
1585521
1585689
1588216
1588238
1590895
1590955
1591698
1591763
1592000
1593034
1593538
1593936
1594109
1594466
1594864
1596532
1596783
1597033
1597553
1598014
1598968
1601046
1601712
1603923
1604028
1604778
1608249
1609702
1609711
1609989
1610950
1611983
1613103
1613859
1616862
1617406
1618673
1618732
1618755
1618756
1618921
1620546
1623613
1624899
1627014
1627223
1632127
1632933
1633917
1633978
1634997
1636023
1636519
1637207
1637459
1639300
1640147
1645113
1645494
1645590
1646383
1646972
1647088
1647509
1649338
1651308
1652044
1657853
1658566
1659166
1660134
1665918
1666700
1671933
1673358
1674101
1674862
1675149
1679273
1679688
1679788
1681459
1681689
1682852
1685040
1687229
1688568
1689796
1689813
1692819
1699150
1701605
1702780
1703056
1705696
1707753
1707925
1708055
1711269
1713683
1722482
1722684
1725057
1725964
1730168
1731289
1732845
1734722
1739104
1739940
1739942
1744489
1745041
1747009
1748790
1751788
1754301
1755672
1756497
1757898
1758730
1759509
1762303
1764046
1764925
1770450
1772757
1773383
1781335
1783180
1786352
1786431
1786842
1791863
1792044
1792580
1792789
1793294
1794515
1799208
1800227
1801075
1803599
1810806
1811074
1811210
1821825
1822479
1831097
1834584
1835632
1841666
1868275
1868726
1874178
1897982
1902733
1915657
1000000030
1000000036
